p = [
  3.73126 - 0.95775i
   0.98671 + 8.34667i
  -5.54292 + 9.08249i
  -4.03947 - 8.34486i
  -7.91076 + 4.70965i
   6.97019 - 8.01314i
  -9.56011 + 0.31748i
  -7.12727 - 7.17223i
  -4.75530 + 6.34703i
  -3.82324 + 5.50637i
  -5.75958 - 2.74179i
];